            rank_model  predictionsRF  rank_real      score
product_id                                                 
879239               1       8.471613          2  10.152595
889036               2       8.435106          1  10.916467
883028               3       8.223858         32   7.971915
651925               4       8.156814         21   8.144761
881856               5       8.130035          4   8.863287
884123               6       8.109877         11   8.385713
643491               7       8.098532          5   8.578641
651439               8       8.063161         10   8.475313
879284               9       8.027332         14   8.314014
642347              10       7.985213         26   8.045734